n.hosts = 17 , n.parasites = 69 
Computation time = 34.676000  sec 

Test of host-parasite coevolution 
 
Global test:  ParaFitGlobal = 1861.016 , p-value = 0.001 ( 999 permutations) 
 
There are 69 host-parasite links in matrix HP 
 
Test of individual host-parasite links ( 999 permutations) 
 
      Host Parasite    F1.stat  p.F1       F2.stat  p.F2
 [1,]    1       58  203.05271 0.001  0.0054680031 0.001
 [2,]    2       57  211.75595 0.001  0.0057023727 0.001
 [3,]    2       59  211.21551 0.001  0.0056878192 0.001
 [4,]    2       62  208.53357 0.001  0.0056155970 0.001
 [5,]    2       63  209.04754 0.001  0.0056294378 0.001
 [6,]    2       64  211.71306 0.001  0.0057012176 0.001
 [7,]    2       65  208.73873 0.001  0.0056211218 0.001
 [8,]    3        1   64.39711 0.001  0.0017341486 0.001
 [9,]    3        2   64.37534 0.001  0.0017335625 0.001
[10,]    4        5   60.09341 0.001  0.0016182545 0.001
[11,]    5        3   48.95299 0.002  0.0013182542 0.002
[12,]    5        4   49.01652 0.001  0.0013199652 0.001
[13,]    6       67   53.27399 0.060  0.0014346145 0.053
[14,]    7       27   31.18774 0.001  0.0008398543 0.001
[15,]    7       28   31.18546 0.002  0.0008397927 0.001
[16,]    7       29   31.45871 0.002  0.0008471510 0.002
[17,]    7       66 -111.20847 1.000 -0.0029947310 1.000
[18,]    7       69 -100.61128 1.000 -0.0027093595 1.000
[19,]    8        6   24.14695 0.003  0.0006502528 0.003
[20,]    8        7   24.14695 0.003  0.0006502528 0.001
[21,]    9       10   37.79245 0.001  0.0010177122 0.001
[22,]    9       43   35.75349 0.001  0.0009628051 0.001
[23,]    9       48   34.81431 0.001  0.0009375139 0.001
[24,]    9       53   36.05028 0.001  0.0009707973 0.001
[25,]   10        8   34.69777 0.001  0.0009343756 0.001
[26,]   10        9   34.96204 0.001  0.0009414921 0.001
[27,]   10       11   33.22181 0.001  0.0008946296 0.001
[28,]   10       12   33.22181 0.001  0.0008946296 0.001
[29,]   10       13   33.26218 0.001  0.0008957168 0.001
[30,]   10       14   33.25972 0.001  0.0008956506 0.001
[31,]   10       15   33.26466 0.001  0.0008957834 0.001
[32,]   10       16   33.26466 0.001  0.0008957834 0.001
[33,]   10       17   33.22929 0.001  0.0008948311 0.001
[34,]   10       18   33.22672 0.001  0.0008947618 0.001
[35,]   10       19   33.23183 0.001  0.0008948995 0.001
[36,]   10       20   33.21418 0.001  0.0008944242 0.001
[37,]   10       21   33.23711 0.001  0.0008950417 0.001
[38,]   10       22   33.11822 0.001  0.0008918399 0.001
[39,]   10       23   33.11547 0.001  0.0008917660 0.001
[40,]   10       26   34.59345 0.001  0.0009315664 0.001
[41,]   10       31   36.23458 0.001  0.0009757605 0.001
[42,]   10       32   36.23975 0.001  0.0009758995 0.001
[43,]   10       33   36.14480 0.001  0.0009733427 0.001
[44,]   10       34   36.86021 0.001  0.0009926080 0.001
[45,]   10       35   36.86532 0.001  0.0009927457 0.001
[46,]   10       36   36.92866 0.001  0.0009944514 0.001
[47,]   10       37   36.86066 0.001  0.0009926200 0.001
[48,]   10       38   36.78638 0.001  0.0009906197 0.001
[49,]   10       39   36.72700 0.001  0.0009890208 0.001
[50,]   10       40   36.71136 0.001  0.0009885997 0.001
[51,]   10       41   36.80193 0.001  0.0009910386 0.001
[52,]   10       42   36.89396 0.001  0.0009935168 0.001
[53,]   10       44   36.06217 0.001  0.0009711176 0.001
[54,]   10       45   36.09929 0.001  0.0009721171 0.001
[55,]   10       46   36.06583 0.001  0.0009712162 0.001
[56,]   10       47   36.17522 0.001  0.0009741620 0.001
[57,]   10       50   35.81044 0.001  0.0009643387 0.001
[58,]   10       52   35.27567 0.001  0.0009499379 0.001
[59,]   10       68 -118.31011 1.000 -0.0031859710 1.000
[60,]   11       30   30.76352 0.001  0.0008284303 0.001
[61,]   11       55   31.44150 0.001  0.0008466876 0.001
[62,]   12       24   28.36834 0.001  0.0007639306 0.001
[63,]   12       25   28.41307 0.003  0.0007651352 0.001
[64,]   13       51   32.10160 0.001  0.0008644636 0.001
[65,]   14       56   13.15498 0.030  0.0003542501 0.025
[66,]   15       49   25.11327 0.003  0.0006762748 0.002
[67,]   16       54  -26.26272 0.995 -0.0007072284 0.995
[68,]   17       60  226.68573 0.001  0.0061044164 0.001
[69,]   17       61  227.03509 0.001  0.0061138243 0.001

 Number of parasites per host 
ON640726 AB085735 ON640722 AB085738 AB085739 AB106608 AB085731 MZ936290 KP972690 HM134917 
       1        6        2        1        2        1        5        2        4       35 
ON012504 KX261916 JX502551 OP894116 DQ888677 ON640662 MN366288 
       2        2        1        1        1        1        2 

 Number of hosts per parasite 
EF065505 KJ473822 EF065509 KJ473820 KJ473821       NC GU190215 MG772933 MG772934 MN996532 
       1        1        1        1        1        1        1        1        1        1 
DQ022305 DQ084200 GQ153545 GQ153544 GQ153546 GQ153548 GQ153540 GQ153539 GQ153541 DQ084199 
       1        1        1        1        1        1        1        1        1        1 
GQ153547 GQ153543 GQ153542 DQ648857 DQ412043 KJ473814 KJ473812 KJ473813 KJ473811 JX993987 
       1        1        1        1        1        1        1        1        1        1 
KY770859 KY770858 KJ473816 KT444582 KY417150 KY417146 KY417144 KC881005 KF367457 KC881006 
       1        1        1        1        1        1        1        1        1        1 
KY417152 KY417151 MK211376 KY417147 KY417148 KY417143 KY417149 MK211377 KY417142 FJ588686 
       1        1        1        1        1        1        1        1        1        1 
DQ071615 KJ473815 KF569996 JX993988 KU973692 KF636752 KJ473795 EU420138 KJ473796 EU420137 
       1        1        1        1        1        1        1        1        1        1 
EU420139 KJ473797 KJ473800 KJ473798 KJ473799 KJ473807 KJ473806 EF203065 KJ473808 
       1        1        1        1        1        1        1        1        1 