n.hosts = 17 , n.parasites = 69 
Computation time = 34.972000  sec 

Test of host-parasite coevolution 
 
Global test:  ParaFitGlobal = 1934.133 , p-value = 0.001 ( 999 permutations) 
 
There are 69 host-parasite links in matrix HP 
 
Test of individual host-parasite links ( 999 permutations) 
 
      Host Parasite    F1.stat  p.F1       F2.stat  p.F2
 [1,]    1       58  210.06975 0.001  0.0052777042 0.001
 [2,]    2       57  219.06852 0.001  0.0055037856 0.001
 [3,]    2       59  218.52463 0.001  0.0054901210 0.001
 [4,]    2       62  215.83800 0.001  0.0054226233 0.001
 [5,]    2       63  216.37893 0.001  0.0054362133 0.001
 [6,]    2       64  219.05251 0.001  0.0055033834 0.001
 [7,]    2       65  216.06826 0.001  0.0054284083 0.001
 [8,]    3        1   68.17704 0.001  0.0017128513 0.001
 [9,]    3        2   68.15493 0.001  0.0017122958 0.001
[10,]    4        5   63.59806 0.001  0.0015978110 0.001
[11,]    5        3   51.92760 0.002  0.0013046072 0.002
[12,]    5        4   51.99215 0.001  0.0013062290 0.001
[13,]    6       67   55.39249 0.059  0.0013916576 0.053
[14,]    7       27   32.40678 0.001  0.0008141744 0.001
[15,]    7       28   32.40450 0.002  0.0008141169 0.001
[16,]    7       29   32.67672 0.002  0.0008209562 0.002
[17,]    7       66 -115.11134 1.000 -0.0028920089 1.000
[18,]    7       69 -104.12248 1.000 -0.0026159294 1.000
[19,]    8        6   25.00134 0.003  0.0006281231 0.003
[20,]    8        7   25.00134 0.002  0.0006281231 0.001
[21,]    9       10   39.03424 0.001  0.0009806799 0.001
[22,]    9       43   37.20326 0.001  0.0009346791 0.001
[23,]    9       48   36.25295 0.001  0.0009108039 0.001
[24,]    9       53   37.44709 0.001  0.0009408049 0.001
[25,]   10        8   35.97506 0.001  0.0009038222 0.001
[26,]   10        9   36.23933 0.001  0.0009104616 0.001
[27,]   10       11   34.63423 0.001  0.0008701358 0.001
[28,]   10       12   34.63423 0.001  0.0008701358 0.001
[29,]   10       13   34.67484 0.001  0.0008711561 0.001
[30,]   10       14   34.67238 0.001  0.0008710943 0.001
[31,]   10       15   34.67730 0.001  0.0008712180 0.001
[32,]   10       16   34.67727 0.001  0.0008712172 0.001
[33,]   10       17   34.64186 0.001  0.0008703275 0.001
[34,]   10       18   34.63925 0.001  0.0008702620 0.001
[35,]   10       19   34.64435 0.001  0.0008703901 0.001
[36,]   10       20   34.62664 0.001  0.0008699453 0.001
[37,]   10       21   34.64570 0.001  0.0008704239 0.001
[38,]   10       22   34.52289 0.001  0.0008673387 0.001
[39,]   10       23   34.52015 0.001  0.0008672697 0.001
[40,]   10       26   35.99765 0.001  0.0009043899 0.001
[41,]   10       31   37.71956 0.001  0.0009476505 0.001
[42,]   10       32   37.72473 0.001  0.0009477803 0.001
[43,]   10       33   37.62892 0.001  0.0009453732 0.001
[44,]   10       34   38.35405 0.001  0.0009635912 0.001
[45,]   10       35   38.35917 0.001  0.0009637196 0.001
[46,]   10       36   38.42207 0.001  0.0009653001 0.001
[47,]   10       37   38.35558 0.001  0.0009636294 0.001
[48,]   10       38   38.28130 0.001  0.0009617632 0.001
[49,]   10       39   38.22196 0.001  0.0009602726 0.001
[50,]   10       40   38.20632 0.001  0.0009598797 0.001
[51,]   10       41   38.29645 0.001  0.0009621439 0.001
[52,]   10       42   38.38847 0.001  0.0009644559 0.001
[53,]   10       44   37.54528 0.001  0.0009432719 0.001
[54,]   10       45   37.58240 0.001  0.0009442043 0.001
[55,]   10       46   37.54901 0.001  0.0009433655 0.001
[56,]   10       47   37.65840 0.001  0.0009461138 0.001
[57,]   10       50   37.28883 0.001  0.0009368290 0.001
[58,]   10       52   36.73185 0.001  0.0009228356 0.001
[59,]   10       68 -122.44953 1.000 -0.0030763707 1.000
[60,]   11       30   32.00531 0.001  0.0008040878 0.001
[61,]   11       55   32.71045 0.001  0.0008218037 0.001
[62,]   12       24   29.51481 0.001  0.0007415178 0.001
[63,]   12       25   29.55955 0.003  0.0007426416 0.001
[64,]   13       51   33.42514 0.001  0.0008397592 0.001
[65,]   14       56   13.06244 0.033  0.0003281752 0.028
[66,]   15       49   26.14284 0.002  0.0006568016 0.002
[67,]   16       54  -27.21561 0.995 -0.0006837536 0.995
[68,]   17       60  234.46674 0.001  0.0058906439 0.001
[69,]   17       61  234.85337 0.001  0.0059003576 0.001

 Number of parasites per host 
ON640726 AB085735 ON640722 AB085738 AB085739 AB106608 AB085731 MZ936290 KP972690 HM134917 
       1        6        2        1        2        1        5        2        4       35 
ON012504 KX261916 JX502551 OP894116 DQ888677 ON640662 MN366288 
       2        2        1        1        1        1        2 

 Number of hosts per parasite 
EF065505 KJ473822 EF065509 KJ473820 KJ473821       NC GU190215 MG772933 MG772934 MN996532 
       1        1        1        1        1        1        1        1        1        1 
DQ022305 DQ084200 GQ153545 GQ153544 GQ153546 GQ153548 GQ153540 GQ153539 GQ153541 DQ084199 
       1        1        1        1        1        1        1        1        1        1 
GQ153547 GQ153543 GQ153542 DQ648857 DQ412043 KJ473814 KJ473812 KJ473813 KJ473811 JX993987 
       1        1        1        1        1        1        1        1        1        1 
KY770859 KY770858 KJ473816 KT444582 KY417150 KY417146 KY417144 KC881005 KF367457 KC881006 
       1        1        1        1        1        1        1        1        1        1 
KY417152 KY417151 MK211376 KY417147 KY417148 KY417143 KY417149 MK211377 KY417142 FJ588686 
       1        1        1        1        1        1        1        1        1        1 
DQ071615 KJ473815 KF569996 JX993988 KU973692 KF636752 KJ473795 EU420138 KJ473796 EU420137 
       1        1        1        1        1        1        1        1        1        1 
EU420139 KJ473797 KJ473800 KJ473798 KJ473799 KJ473807 KJ473806 EF203065 KJ473808 
       1        1        1        1        1        1        1        1        1 